converged: true
initial_cost_per_obs: 15.78193618906967
final_cost_per_obs: 0.1689789901980266
target_mount_to_target_pos:
  x: 1.593
  y: 0.0
  z: 0.377
target_mount_to_target_rpy:
  x: 0.0
  y: 0.0
  z: 0.0
camera_mount_to_camera_pos:
  x: 0.085549560652492
  y: -0.1732631672558103
  z: 0.1329373703855808
camera_mount_to_camera_rpy:
  x: 1.57
  y: 3.14159
  z: 0.0
